7512
9048
6579
1085
6304
6428
4623
7984
8547
1951
2241
358
1706
1590
2622
9119
281
4694
7230
4738
7402
7719
6795
6266
968
1455
117
5897
7155
240
865
7208
964
5484
6847
3011
4447
154
639
7945
1844
8045
3707
7355
9155
2068
5209
5116
5067
7271
2763
5825
3570
8218
5279
7386
2408
8820
10
9109
7813
6884
2024
5366
4180
5590
7841
3733
84
6008
6341
171
6118
5464
3266
8417
3208
333
8136
5919
7539
4675
8644
8015
7836
5443
633
1366
5809
9060
2942
4693
3998
6522
4842
3945
8198
206
2313
2788
5734
4453
4451
7241
2152
6171
7682
177
8217
4096
3430
6693
7426
580
5974
5497
8667
1691
6009
6533
8274
7433
7313
1247
7256
3511
2684
2162
166
7921
7031
3944
1454
4144
6308
8641
1171
4585
7857
5736
7843
214
7394
8587
8690
6210
5783
4423
508
590
5012
2816
7676
8661
1293
7215
3346
7839
5449
3661
4682
7118
4070
5338
4988
5533
7501
5013
2298
7086
9102
6347
1570
1610
6534
6838
6044
7781
7671
5135
3198
6925
6879
