2430
139
1410
7385
4820
6342
1853
8010
401
7550
1140
8621
1048
5729
9001
3405
3573
2201
8819
4298
7450
6916
7519
1078
7723
6646
7693
1171
6385
4768
4649
3538
7632
2019
1654
3804
8523
8816
508
2485
6723
5206
4256
4040
8171
3797
7333
3262
8019
6548
4373
5733
4132
3965
5520
7278
3264
2745
3083
1669
2494
7711
8427
5311
6521
515
6639
1665
5147
1113
8234
2186
7348
4389
2471
3306
6598
8839
5559
7209
1310
2545
3256
7712
3533
8117
2182
6221
2754
105
1773
8742
848
2138
8759
9113
4833
4264
5180
6574
1793
6138
5882
2227
3043
435
3180
4569
6897
1110
3950
2411
888
3431
4341
2755
2893
2488
3748
7276
2623
3363
6899
2770
6080
2473
7081
7834
4157
6592
226
4450
3660
2043
2822
4617
6192
4432
5369
3498
4194
5108
5161
7155
8712
4309
939
7569
592
102
3390
1437
8068
2384
8348
605
7031
2451
1719
4406
8391
896
4737
7309
8179
666
5017
884
9161
2075
1443
4710
3799
4896
3850
558
302
6389
2741
23
275
4505
1035
