3359
7827
318
3529
3850
6443
3981
3773
5934
4544
2127
5080
7744
5801
2853
5865
6861
8684
6170
8399
7087
2522
4554
5000
3841
5176
6417
321
7631
358
4524
3969
8025
8158
5556
3162
8784
7244
7000
6790
8147
2808
3500
6431
6521
5567
281
1614
7833
2157
2886
425
3591
474
3022
2403
1039
2722
5039
8146
5115
2641
6844
4325
7100
2868
271
1929
1202
4534
6769
1509
2256
4656
6089
7915
8761
3360
4371
2167
1793
7542
3684
7979
7996
3509
6432
1005
2877
8752
4573
4387
3218
6767
8955
4884
5018
5880
1729
6066
8041
3901
979
1111
5616
4659
7689
4901
551
6673
8666
4686
52
244
607
2305
8375
3132
8106
2648
6013
8578
774
3259
3926
5949
69
9035
6694
7069
3043
1117
2132
6616
1063
2615
9147
836
5518
3704
4495
387
7904
2801
2753
3411
4410
1014
7822
1752
4733
2712
910
1707
4742
8361
7386
8943
907
3751
3154
7910
9097
140
7666
8369
6142
3440
2462
1742
3083
8657
4852
5044
3443
1581
8484
1353
1726
3253
7494
7789
7690
