8168
6426
2552
7272
3441
4647
1085
2131
3037
2655
4974
8189
8301
5063
4267
3710
3767
2920
45
9177
7288
2567
6209
8458
2775
1880
7544
8539
5904
3080
2197
608
5177
7966
2485
8777
3995
7115
1932
9020
77
2411
3212
4881
4932
2706
8447
5959
5540
8638
3988
2754
4830
7636
8329
4103
6432
6769
7390
2079
4488
2277
6840
3101
986
1456
9169
1988
2216
2542
2121
2357
6609
7126
3576
3451
808
5786
1633
8164
1494
6499
2405
9005
7661
1524
8982
3775
4577
2838
6336
7011
845
7986
647
4617
4096
299
2869
3196
8013
7987
1847
6159
5544
730
3503
8850
9015
235
8623
8598
8584
5974
53
3375
4700
5152
1956
5596
4249
5758
5056
5020
5653
317
7949
5034
5598
8570
9048
2430
4713
5709
7596
7062
8422
9151
2493
9047
2665
7501
5044
1949
61
2769
7616
2533
1779
5829
485
2278
8669
329
1751
9192
698
7386
9093
1998
8654
121
5172
387
3533
3711
3597
4513
8126
3646
8292
6864
4863
5027
7754
5050
8768
5728
4514
2427
6361
8608
5399
