2875
3265
2968
5669
8443
7090
6646
7337
6237
3961
7412
6542
5195
3652
7570
5678
98
7566
511
7066
96
7874
649
1336
3448
1775
2396
4775
1654
8982
392
703
7633
2591
4077
4127
268
1007
4816
3915
5656
2963
2093
6688
7115
4596
1213
1533
5384
8335
7157
7328
8355
6413
5982
6711
218
6791
6044
3732
8567
7372
3477
5222
3391
140
771
6009
6097
6163
8214
4995
7000
5442
4145
6107
838
600
2441
1586
1452
7927
6411
7280
1008
1858
2257
4882
229
1091
6738
8718
9184
1972
89
4868
7904
1095
2304
4657
3684
1333
5042
2252
8116
143
3631
5801
7152
6251
3517
4026
8861
6823
6478
7669
7644
5251
292
2529
4389
6885
1659
4906
2272
6844
8022
6980
2101
1769
1506
1905
3046
1327
954
8550
8541
2626
664
8884
8198
5873
7600
5987
1207
3072
8044
2843
1275
1652
2311
1932
3905
6563
2344
7456
6925
603
5758
6480
6179
2776
9019
2801
1417
5946
9051
3495
2570
938
5930
7872
15
328
141
6396
2355
3808
5170
7596
3023
4311
8864
