6430
1571
6609
3310
7098
6648
6670
1623
6157
6339
4237
491
269
8272
7328
2022
6651
4625
7666
4422
3103
2603
3971
4484
6217
3018
2474
1109
1552
1046
2727
7547
4530
7128
7591
4547
4572
7171
7253
3386
3086
8213
7543
6337
2958
3405
279
1829
5925
7268
2253
6912
8071
1157
8659
2330
7765
3643
4536
1717
2009
1912
1633
4642
261
3348
2450
907
2234
1013
336
8631
2152
8765
4242
6145
8882
7973
3937
6916
4542
4452
945
4462
3670
1493
1285
15
7366
1866
825
6183
8646
1670
944
2671
7876
6688
5467
8168
4110
4657
1803
7223
5990
7081
138
8346
6818
802
1856
6492
1422
5135
5760
6124
1368
1445
2728
6554
7426
1238
603
4949
4409
5790
6886
1254
504
5092
3067
8675
5228
4404
1945
807
1892
7369
471
2279
730
2103
6831
8059
2328
7966
5966
3301
8991
1417
6722
51
7723
9196
1755
7987
8376
4054
3809
2157
4192
7450
460
8480
993
4289
2193
1723
7937
4218
8746
7152
5562
7346
4140
6528
3034
6808
1155
3879
5210
1641
7174
