1876
3614
1884
7717
5341
6289
8511
3282
7568
2761
2471
7502
634
3718
3247
5639
4294
1195
3557
3395
7156
3250
7396
5882
6736
1087
87
7098
8217
5071
3255
1839
7866
1572
5286
456
7671
7941
7268
1298
2239
1462
7602
8629
4735
4425
5664
7016
3747
8916
8653
8384
7825
2817
1505
3617
5672
2926
8672
4581
6836
57
102
7089
8355
3759
5932
4132
1318
1551
8726
7328
497
4003
6503
8936
7873
3719
4598
6681
4945
1537
6882
4358
7501
9086
7122
4649
2070
3844
3846
7339
4266
2133
6276
4676
8612
1944
6142
3963
8368
7021
7124
9013
4832
5207
4423
3243
6619
3632
1757
877
1038
3329
6445
4719
5258
3597
5345
5005
5870
2450
2451
4742
3623
7734
7811
8646
6639
2777
1469
1691
9096
3574
6309
4840
5491
2956
4429
2006
522
7366
7422
7738
8121
2581
3063
2527
6263
1488
922
4939
2877
1325
278
1592
836
4351
9106
5281
4122
3047
4775
3925
8894
3852
5069
5507
336
792
2876
8370
1057
8792
7431
8499
8007
5875
4362
2106
7508
1332
2124
