8402
1540
3986
6989
6628
4225
2863
2716
5695
4649
2103
6091
3402
2239
8300
1100
1458
8036
105
8708
7438
1354
1325
8580
5009
8827
2827
5525
1013
907
8322
1710
7243
6670
6934
15
6167
2257
8066
7620
7192
7148
274
1317
5247
5913
5184
9155
2824
742
2959
6544
4838
332
4212
2395
8212
1236
2478
3472
1081
2652
6973
7049
7539
6032
8533
3501
5621
2729
7435
2167
4647
1203
8980
3024
1506
2851
5589
3081
8654
5500
8153
4820
8289
7285
4324
1989
1582
6309
5515
5603
2405
2905
3588
9041
869
3800
6444
7217
8516
223
2440
3598
8900
2635
7582
1720
8422
3582
7749
1586
972
4067
8192
5885
3038
5542
3937
853
950
564
1885
1264
8029
1687
2645
6008
6113
7413
1829
5792
7536
7581
8188
6716
7697
8903
5027
1761
1274
7376
1494
3358
8006
982
1750
2140
7268
2247
385
3368
3079
3278
2034
2533
1602
3327
5200
4276
7633
3347
2864
7292
4099
6396
5850
7776
949
4268
1972
8187
4870
4453
3161
1356
267
6810
5856
1082
1606
6494
3387
