61
134
156
174
195
238
299
304
333
418
444
504
546
576
586
617
673
694
782
859
881
902
1035
1071
1161
1218
1296
1315
1344
1427
1475
1499
1539
1592
1660
1744
1810
1837
1972
2009
2044
2085
2118
2142
2254
2291
2331
2445
2466
2478
2542
2576
2654
2669
2696
2748
2769
2791
2805
2829
2855
2876
2910
2964
2999
3040
3123
3254
3293
3382
3426
3445
3478
3489
3526
3538
3595
3614
3632
3656
3734
3772
3831
3853
3960
3991
4123
4207
4222
4284
4324
4332
4364
4381
4481
4545
4589
4644
4723
4915
4955
4963
5063
5084
5112
5130
5163
5256
5347
5468
5481
5513
5541
5546
5582
5630
5650
5682
5702
5735
5812
5915
5985
6028
6167
6257
6333
6521
6563
6605
6625
6719
6745
6822
6834
6928
6956
6977
7115
7217
7244
7301
7330
7470
7516
7644
7711
7737
7776
7796
7808
7863
7886
7961
7980
8008
8020
8048
8068
8099
8178
8257
8276
8328
8346
8393
8459
8480
8504
8540
8580
8610
8633
8643
8712
8845
8957
9030
9040
9064
9157
9306
9379
