3
51
87
100
146
207
273
324
408
447
488
509
516
543
707
801
831
863
871
904
955
967
985
1027
1059
1087
1108
1150
1165
1180
1225
1248
1392
1471
1472
1697
1713
1752
1779
1806
1914
1950
1999
2057
2067
2118
2157
2205
2217
2255
2291
2317
2346
2357
2378
2414
2472
2566
2657
2703
2784
2845
2899
2929
2994
3125
3153
3236
3290
3335
3490
3524
3556
3582
3618
3645
3744
3789
3855
3885
3921
3964
4021
4087
4107
4185
4230
4244
4342
4368
4383
4442
4469
4552
4572
4583
4614
4748
4776
4803
4869
5180
5259
5344
5372
5392
5564
5676
5728
5744
5773
5823
5829
5866
5952
5972
6031
6079
6096
6195
6239
6291
6503
6564
6598
6627
6651
6667
6698
6707
6761
6773
6914
6971
6985
7032
7061
7068
7100
7143
7184
7245
7317
7344
7378
7415
7445
7519
7555
7577
7604
7616
7657
7661
7701
7840
7846
7871
7909
7939
7953
7977
8010
8039
8084
8187
8246
8263
8294
8353
8363
8435
8462
8526
8566
8646
8664
8735
8785
8799
8858
8883
8924
