8475
8393
3917
8270
5244
3628
8421
8641
1186
1973
3143
2586
7141
1240
9119
8068
7247
1345
7742
8711
4652
5961
6157
2743
2720
5747
1858
5992
1795
8500
6855
744
1519
992
7822
8063
8282
3478
7006
8647
944
1064
3027
4574
5699
6956
460
7266
4987
1404
2203
7255
540
8244
4995
5429
6812
313
3279
6027
7205
3937
7821
348
8556
5621
8175
3896
7989
6331
1425
1511
2736
3726
2433
1504
6159
3772
2636
8986
7764
5112
7975
1676
6635
6847
3199
3336
4395
7221
7761
2942
6781
1421
3365
1157
6406
1913
7917
1565
3232
6091
714
723
1210
6869
7512
4481
5641
8356
6235
6437
576
8872
4381
3877
5636
3064
6703
1737
1397
7559
1787
880
481
5513
1400
5918
6148
3616
2151
4341
8284
363
848
1759
7144
8069
7110
1968
1481
2553
8100
1850
2102
3755
5952
3413
8171
5766
1128
4072
3370
803
8019
4398
8061
4158
3838
2773
5653
3651
5470
7261
815
8056
8089
5390
147
8370
8315
2548
6358
7812
2622
9035
857
3883
5102
2539
5618
3542
3607
