121752
121753
121754
121755
121756
121757
121758
121759
121760
121761
121762
121763
121764
121765
121766
121767
121768
121769
121770
121771
121772
121773
121774
121775
121776
121777
121778
121779
121780
121781
121782
121783
121784
121785
121786
121787
121788
121789
121790
121791
121792
121793
121794
121795
121796
121797
121798
121799
121800
121801
121802
121803
121804
121805
121806
121807
121808
121809
121810
121811
121812
121813
121814
121815
121816
121817
121818
121819
121820
121821
121822
121823
121824
121825
121826
121827
121828
121829
121830
121831
121832
121833
121834
121835
121836
121837
121838
121839
121840
121841
121842
121843
121844
121845
121846
121847
121848
121849
121850
121851
121852
121853
121854
121855
121856
121857
121858
121859
121860
121861
121862
121863
121864
121865
121866
121867
121868
121869
121870
121871
121872
121873
121874
121875
121876
121877
121878
121879
121880
121881
121882
121883
121884
121885
121886
121887
121888
121889
121890
121891
121892
121893
121894
121895
121896
121897
121898
121899
121900
121901
121902
121903
121904
121905
121906
121907
121908
121909
121910
121911
121912
121913
121914
121915
121916
121917
121918
121919
121920
121921
121922
121923
121924
121925
121926
121927
121928
121929
121930
121931
121932
121933
121934
121935
121936
121937
121938
121939
121940
121941
121941
121942
121942
121943
121943
121944
121944
121945
121945
121946
121946
121947
121947
121948
121948
121949
121949
121950
121950
121951
121951
121952
121952
121953
121953
121954
121954
121955
121955
121956
121956
121957
121957
121958
121958
121959
121959
121960
121960
121961
121961
121962
121962
121963
121963
121964
121964
121965
121965
121966
121966
121967
121967
121968
121968
121969
121969
121970
121970
121971
121971
121972
121972
121973
121973
121974
121974
121975
121975
121976
121976
121977
121977
121978
121978
121979
121979
121980
121980
121981
121981
121982
121982
121983
121983
121984
121984
121985
121985
121986
121986
121987
121987
121988
121988
121989
121989
121990
121990
121991
121991
121992
121992
121993
121993
121994
121994
121995
121995
121996
121996
121997
121997
121998
121998
121999
121999
122000
122000
122001
122001
122002
122002
122003
122003
122004
122004
122005
122005
122006
122006
122007
122007
122008
122008
122009
122009
122010
122010
122011
122011
122012
122012
122013
122013
122014
122014
122015
122015
122016
122016
122017
122017
122018
122018
122019
122019
122020
122020
122021
122021
122022
122022
122023
122023
122024
122024
122025
122025
122026
122026
122027
122027
122028
122028
122029
122029
122030
122030
122031
122031
122032
122032
122033
122033
122034
122034
122035
122035
122036
122036
122037
122037
122038
122038
122039
122039
122040
122040
122041
122041
122042
122042
122043
122043
122044
122044
122045
122045
122046
122046
122047
122047
122048
122048
122049
122049
122050
122050
122051
122051
122052
122052
122053
122053
122054
122054
122055
122055
122056
122056
122057
122057
122058
122058
122059
122059
122060
122060
122061
122061
122062
122062
122063
122063
122064
122064
122065
122065
122066
122066
122067
122067
122068
122068
122069
122069
122070
122070
122071
122071
122072
122072
122073
122073
122074
122074
122075
122075
122076
122076
122077
122077
122078
122078
122079
122079
122080
122080
122081
122081
122082
122082
122083
122083
122084
122084
122085
122085
122086
122086
122087
122087
122088
122088
122089
122089
122090
122090
122091
122091
122092
122092
122093
122093
122110
122110
122111
122111
122112
122112
122113
122113
122114
122114
122115
122115
122116
122116
122117
122117
122118
122118
122119
122119
122120
122120
122121
122121
122122
122122
122123
122123
122124
122124
122125
122125
122126
122126
122127
122127
122128
122128
122129
122129
122130
122130
122131
122131
122132
122132
122133
122133
122134
122134
122135
122135
122136
122136
122137
122137
122138
122138
122139
122139
122140
122140
122141
122141
122142
122142
122143
122143
122144
122144
122145
122145
122146
122146
122147
122147
122148
122148
122149
122149
122150
122150
122151
122151
122152
122153
122153
122154
122154
122155
122155
122156
122156
122157
122157
122158
122158
122159
122159
122160
122160
122161
122161
122162
122162
122163
122163
122164
122164
122165
122165
122166
122166
122167
122167
122168
122168
122169
122169
122170
122170
122171
122171
122172
122172
122173
122173
122174
122174
122175
122175
122176
122176
122177
122177
122178
122178
122179
122179
122180
122180
122181
122181
122182
122182
122183
122183
122184
122184
122185
122185
122186
122186
122187
122187
122188
122188
122189
122189
122190
122190
122191
122191
122192
122192
122193
122193
122194
122194
122195
122195
122196
122196
122197
122197
122198
122198
122199
122199
122200
122200
122201
122201
122202
122202
122203
122203
122204
122204
122205
122205
122206
122206
122207
122207
122208
122208
122209
122209
122210
122210
122211
122211
122212
122212
122213
122213
122214
122214
122215
122215
122216
122216
122217
122217
122218
122218
122219
122219
122220
122220
122221
122221
122222
122222
122223
122223
122224
122224
122225
122225
122226
122226
122227
122227
122228
122228
122229
122229
122230
122230
122231
122231
122232
122232
122233
122233
122234
122234
122235
122235
122236
122236
122237
122237
122238
122238
122239
122239
122240
122240
122241
122241
122242
122242
122243
122243
122244
122244
122245
122245
122246
122246
122247
122247
122248
122248
122249
122249
122250
122250
122251
122251
122252
122252
122253
122253
122254
122254
122255
122255
122256
122256
122257
122257
122258
122258
122259
122259
122260
122260
122261
122261
122262
122262
122263
122263
122264
122264
122265
122265
122266
122266
122267
122267
122268
122268
122269
122269
122270
122270
122271
122271
122272
122272
122273
122273
122274
122274
122275
122275
122276
122276
122277
122277
122278
122278
122279
122279
122280
122280
122281
122281
122282
122282
122283
122283
122284
122284
122285
122285
122286
122286
122287
122287
122288
122288
122289
122289
122290
122290
122291
122291
122292
122292
122293
122293
122294
122294
122295
122295
122296
122296
122297
122297
122298
122298
122299
122299
122300
122300
122301
122301
122302
122302
122303
122303
122304
122304
122305
122305
122306
122306
122307
122307
122308
122308
122309
122310
122310
122311
122311
122312
122312
122313
122313
122314
122314
122315
122315
122316
122316
122317
122317
122318
122318
122319
122319
122320
122320
122321
122321
122322
122322
122323
122323
122324
122324
122325
122325
122326
122326
122327
122327
122328
122328
122329
122329
122330
122330
122331
122331
122332
122332
122333
122333
122334
122334
122335
122335
122336
122336
122337
122337
122338
122338
122339
122339
122340
122340
122341
122341
122342
122342
122343
122343
122344
122344
122345
122345
122346
122346
122347
122347
122348
122348
122349
122350
122350
122351
122351
122352
122352
122353
122353
122354
122354
122355
122355
122356
122356
122357
122357
122358
122358
122359
122359
122360
122360
122361
122361
122362
122362
122363
122363
122364
122364
122365
122365
122366
122366
122367
122367
122368
122368
122369
122369
122370
122370
122371
122371
122372
122373
122373
122374
122374
122375
122375
122376
122376
122377
122378
122378
122379
122379
122380
122380
122381
122381
122382
122382
122383
122383
122384
122384
122385
122385
122386
122386
122387
122387
122388
122388
122389
122389
122390
122390
122391
122391
122392
122392
122393
122393
122394
122394
122395
122395
122396
122396
122397
122397
122398
122398
122399
122399
122400
122400
122401
122401
122402
122402
122403
122403
122404
122404
122405
122405
122406
122406
122407
122407
122408
122408
122409
122409
122410
122410
122411
122412
122413
122414
122414
122415
122415
122416
122416
122417
122417
122418
122418
122419
122419
122420
122420
122421
122421
122422
122422
122423
122424
122425
122426
122427
122428
122429
122430
122431
122432
122433
122434
122435
122436
122437
122438
122439
122440
122441
122442
122443
122444
122445
122446
122447
122448
122449
122450
122451
122452
122453
122454
122455
122456
122457
122458
122459
122460
122461
122462
122463
122464
122465
122466
122467
122468
122469
122470
122471
122472
122473
122474
122475
122476
122477
122478
122479
122480
122481
125644
125645
125646
125647
125648
125649
125650
125651
125652
125653
125654
125655
125656
125657
125658
125659
125660
125661
125662
125663
125664
125665
125666
125667
125668
125669
125670
125671
125672
125673
125674
125675
125676
125677
125678
125679
125680
125681
125682
125683
125684
125685
125686
125687
125688
125689
125690
125691
125692
125693
125694
125695
125696
125697
125698
125699
125700
125701
125702
125703
125704
125705
125706
125707
125708
125709
125710
125711
125712
125713
125714
125715
125716
125717
125718
125719
125720
125721
125722
125723
125724
125725
125726
125727
125728
125729
125730
125731
125732
125733
125734
125735
125736
125737
125738
125739
125740
125741
125742
125743
125744
125745
125746
125747
125748
125749
125750
125751
125752
125753
125754
125755
125756
125757
125758
125759
125760
125761
125762
125763
125764
125765
125766
125767
125768
125769
125770
125771
125772
125773
125774
125775
125776
125777
125778
125779
125780
125781
125782
125783
125784
125785
125786
125787
125788
125789
125790
125791
125792
125793
125794
125795
125796
125797
125798
125799
125800
125801
125802
125803
125804
125805
125806
125807
125808
125809
125810
125811
125812
125813
125814
125815
125816
125817
125818
125819
125820
125821
125822
125823
125824
125825
125826
125827
125828
125829
125830
125831
125832
125833
125834
125835
125836
125837
125838
125839
125840
125841
125842
125843
125844
125845
125846
125847
125848
125849
125850
125851
125852
125853
125854
125855
125856
125857
125858
125859
125860
125861
125862
125863
125864
125865
125866
125867
125868
125869
125870
125871
125872
125873
125874
125875
125876
125877
125878
125879
125880
125881
125882
125883
125884
125885
125886
125887
125888
125889
125890
125891
125892
125893
125894
125895
125896
125897
125898
125899
125900
125901
125905
125906
125907
125908
125909
125910
125911
125912
125913
125914
125915
125916
125917
125918
125919
125920
125921
125922
125923
125924
125925
125926
125927
125928
125929
125930
125931
125932
125933
125934
125935
125936
125937
125938
125939
125940
125944
125945
125946
125947
125948
125949
125950
125951
125952
125953
125954
125955
125956
125957
125958
125959
125960
125961
125962
125963
125964
125964
125965
125965
125966
125966
125967
125967
125968
125968
125969
125969
125970
125970
125971
125971
125972
125972
125973
125973
125974
125974
125975
125975
125976
125976
125977
125977
125978
125978
125979
125980
125981
125982
125983
125984
125985
125986
125987
125988
125989
125990
125991
125992
125993
125994
125995
125995
125996
125996
125997
125997
125998
125998
125999
125999
126000
126000
126001
126001
126002
126002
126003
126003
126004
126004
126005
126005
126006
126006
126007
126007
126008
126008
126009
126009
126010
126010
126011
126011
126012
126012
126013
126013
126014
126014
126015
126015
126016
126016
126017
126017
126018
126018
126019
126019
126020
126020
126021
126021
126022
126022
126023
126023
126024
126024
126025
126025
126026
126026
126027
126027
126028
126028
126029
126029
126030
126030
126031
126031
126032
126032
126033
126033
126034
126034
126035
126035
126036
126036
126037
126037
126038
126038
126039
126039
126040
126040
126041
126041
126042
126042
126043
126043
126044
126044
126045
126045
126046
126046
126047
126047
126048
126048
126049
126049
126050
126050
126051
126051
126052
126052
126053
126053
126054
126054
126055
126055
126056
126056
126057
126057
126058
126058
126059
126059
126060
126060
126061
126061
126062
126062
126063
126063
126064
126064
126065
126065
126066
126066
126067
126067
126068
126068
126069
126069
126070
126070
126071
126071
126072
126072
126073
126073
126074
126074
126075
126075
126076
126076
126077
126077
126078
126078
126079
126079
126080
126080
126081
126081
126082
126082
126083
126083
126084
126084
126085
126085
126086
126086
126087
126087
126088
126088
126089
126089
126090
126090
126091
126091
126092
126092
126093
126093
126094
126094
126095
126095
126096
126096
126097
126097
126098
126098
126099
126099
126100
126100
126101
126101
126102
126102
126103
126103
126104
126104
126105
126105
126106
126106
126107
126107
126108
126108
126109
126109
126110
126110
126111
126111
126112
126112
126113
126113
126114
126114
126115
126115
126116
126116
126117
126117
126118
126118
126119
126119
126120
126120
126121
126121
126122
130140
130141
130142
130143
130143
130144
130144
130145
130145
130146
130146
130147
130147
130148
130148
130149
130149
130150
130150
130151
130151
130152
130152
130153
130153
130154
130154
130155
130155
130156
130156
130157
130157
130158
130158
130159
130159
130160
130160
130161
130161
130162
130162
130163
130163
130164
130164
130165
130165
130166
130166
130167
130167
130168
130168
130169
130169
130170
130170
130171
130171
130172
130172
130173
130173
130174
130174
130175
130175
130176
130176
130177
130177
130178
130178
130179
130179
130180
130180
130181
130181
130182
130182
130183
130183
130184
130184
130185
130185
130186
130186
130187
130187
130188
130188
130189
130189
130190
130190
130191
130191
130192
130192
130193
130193
130194
130194
130195
130195
130196
130196
130197
130197
130198
130198
130199
130199
130200
130200
130201
130201
130202
130202
130203
130203
130204
130204
130205
130205
130206
130206
130207
130207
130208
130208
130209
130209
130210
130210
130211
130211
130212
130212
130213
130213
130214
130214
130215
130215
130216
130216
130217
130217
130218
130218
130219
130219
130220
130220
130221
130221
130222
130222
130223
130223
130224
130224
130225
130225
130226
130226
130227
130227
130228
130228
130229
130229
130230
130230
130231
130231
130232
130232
130233
130233
130234
130234
130235
130235
130236
130236
130237
130237
130238
130238
130239
130239
130240
130240
130241
130241
130242
130242
130243
130243
130244
130244
130245
130245
130246
130246
130247
130247
130248
130248
130249
130249
130250
130250
130251
130251
130252
130252
130253
130253
130254
130254
130255
130255
130256
130256
130257
130257
130258
130258
130259
130259
130260
130260
130261
130261
130262
130262
130263
130263
130264
130264
130265
130265
130266
130266
130267
130267
130268
130268
130269
130269
130270
130270
130271
130271
130272
130272
130273
130273
130274
130274
130275
130275
130276
130276
130277
130277
130278
130278
130279
130279
130280
130280
130281
130281
130282
130282
130283
130283
130284
130284
130285
130285
130286
130286
130287
130287
130288
130288
130289
130289
130290
130290
130291
130291
130292
130292
130293
130293
130294
130294
130295
130295
130296
130296
130297
130297
130298
130298
130299
130299
130300
130300
130301
130301
130302
130302
130303
130303
130304
130304
130305
130305
130306
130306
130307
130307
130308
130308
130309
130309
130310
130310
130311
130311
130312
130312
130313
130313
130314
130314
130315
130315
130316
130316
130317
130317
130318
130318
130319
130319
130320
130320
130321
130321
130322
130322
130323
130323
130324
130324
130325
130325
130337
130337
130338
130338
130339
130339
130340
130340
130341
130341
130342
130342
130343
130343
130344
130344
130345
130345
130346
130346
130347
130347
130348
130348
130349
130349
130350
130350
130351
130351
130352
130352
130353
130353
130354
130354
130355
130355
130356
130356
130357
130357
130358
130358
130359
130359
130360
130360
130361
130361
130362
130362
130363
130363
130364
130364
130365
130365
130366
130366
130367
130367
130368
130368
130369
130369
130370
130370
130371
130371
130372
130372
130373
130373
130374
130374
130375
130375
130376
130376
130377
130377
130378
130378
130379
130379
130380
130380
130381
130381
130382
130382
130383
130383
130384
130384
130385
130385
130386
130386
130387
130387
130388
130388
130389
130389
130390
130390
130391
130391
130392
130392
130393
130393
130394
130394
130395
130395
130396
130396
130397
130397
130398
130398
130399
130399
130400
130400
130401
130401
130402
130402
130403
130403
130404
130404
130405
130405
130406
130406
130407
130407
130408
130408
130409
130409
130410
130410
130411
130411
130412
130412
130413
130413
130414
130414
130415
130415
130416
130416
130417
130417
130418
130418
130419
130419
130420
130420
130421
130421
130422
130422
130423
130423
130424
130424
130425
130425
130426
130426
130427
130427
130428
130428
130429
130429
130430
130430
130431
130431
130432
130432
130433
130433
130434
130434
130435
130435
130436
130436
130437
130437
130438
130438
130439
130439
130440
130440
130441
130441
130442
130442
130443
130443
130444
130444
130445
130445
130446
130446
130447
130447
130448
130448
130449
130449
130450
130450
130451
130451
130452
130452
130453
130453
130454
130454
130455
130455
130456
130456
130457
130457
130458
130458
130459
130459
130460
130460
130461
130461
130462
130462
130463
130463
130464
130464
130465
130465
130466
130466
130467
130467
130468
130468
130469
130469
130470
130470
130471
130471
130472
130472
130473
130473
130474
130474
130475
130475
130476
130476
130477
130477
130478
130478
130479
130479
130480
130480
130481
130481
130482
130482
130483
130483
130484
130484
130485
130485
130486
130486
130487
130487
130488
130488
130489
130489
130490
130490
130491
130491
130492
130492
130493
130493
130494
130494
130495
130495
130496
130496
130497
130497
130498
130498
130499
130499
130500
130500
130501
130501
130502
130502
130503
130503
130504
130504
130505
130505
130506
130506
130507
130507
130508
130508
130509
130509
130510
130510
130511
130511
130512
130512
130513
130513
130514
130514
130515
130515
130516
130516
130517
130517
130518
130518
130519
130519
130520
130520
130521
130521
130522
130522
130523
130523
130524
130524
130525
130525
130526
130526
130527
130527
130528
130528
130529
130529
130530
130530
130531
130531
130532
130532
130533
130533
130534
130534
130535
130535
130536
130536
130537
130537
130538
130538
130539
130539
130540
130540
130541
130541
130542
130542
130543
130543
130544
130544
130545
130545
130546
130546
130547
130547
130548
130548
130549
130549
130550
130550
130551
130551
130552
130552
130553
130553
130554
130554
130555
130555
130556
130556
130557
130557
130558
130558
130559
130559
130560
130560
130561
130561
130562
130562
130563
130563
130564
130564
130565
130565
130566
130566
130567
130568
130569
130570
130571
130572
130573
130574
130574
130575
130575
130576
130576
130577
130577
130578
130578
130579
130579
130580
130580
130581
130581
130582
130582
130583
130583
130584
130584
130585
130585
130586
130586
130587
130587
130588
130588
130589
130589
130590
130590
130591
130591
130592
130592
130593
130593
130594
130594
130595
130595
130596
130596
130597
130597
130598
130598
130599
130599
130600
130600
130601
130601
130602
130602
130603
130603
130604
130604
130605
130605
130606
130606
130607
130607
130608
130608
130609
130609
130610
130610
130611
130611
130612
130612
130613
130613
130614
130614
130615
130615
130616
130616
130617
130617
130618
130618
130619
130619
130620
130620
130621
130621
130622
130622
130623
130623
130624
130624
130625
130625
130626
130626
130627
130627
130628
130628
130629
130629
130630
130630
130631
130631
130632
130632
130633
130633
130634
130634
130635
130635
130636
130636
130637
130637
130638
130638
130639
130639
130640
130640
130641
130641
130642
130642
130643
130643
130644
130644
130645
130645
130646
130646
130647
130647
130648
130648
130649
130649
130650
130650
130651
130651
130652
130652
130653
130653
130654
130654
130655
130655
130656
130656
130657
130657
130658
130658
130659
130659
130660
130660
130661
130661
130662
130662
130663
130663
130664
130664
130665
130665
130666
130666
130667
130667
130668
130668
130669
130669
130670
130670
130671
130671
130672
130672
130673
130673
130674
130674
130675
130675
130676
130676
130677
130677
130678
130678
130679
130679
130680
130680
130681
130681
130682
130682
130683
130683
130684
130684
130685
130685
130686
130686
130687
130687
130688
130688
130689
130689
130690
130690
130691
130691
130692
130692
130693
130693
130694
130694
130695
130695
130696
130696
130697
130697
130698
130698
130699
130699
130700
130700
130701
130701
130702
130702
130703
130703
130704
130704
130705
130705
130706
130706
130707
130707
130708
130708
130709
130709
130710
130710
130711
130711
130712
130712
130713
130713
130714
130714
130715
130715
130716
130716
130717
130717
130718
130718
130719
130719
130720
130720
130721
130721
130722
130722
130723
130723
130724
130724
130725
130725
130726
130726
130727
130727
130728
130729
130729
130730
130730
130731
130731
130732
130732
130733
130733
130734
130734
130735
130735
130736
130736
130737
130737
130738
130738
130739
130739
130740
130740
130741
130741
130742
130742
130743
130743
130744
130744
130745
130745
130746
130746
130747
130747
130748
130748
130749
130749
130750
130750
130751
130751
130752
130752
130753
130753
130754
130754
130755
130755
130756
130756
130757
130757
130758
130758
130759
130759
130760
130760
130761
130761
130762
130762
130763
130763
130764
130764
130765
130765
130766
130766
130767
130767
130768
130768
130769
130769
130770
130770
130771
130771
130772
130772
130773
130773
130774
130774
130775
130775
130776
130776
130777
130777
130778
130778
130779
130779
130780
130780
130781
130781
130782
130782
130783
130783
130784
130784
130785
130785
130786
130786
130787
130787
130788
130788
130789
130789
130790
130790
130791
130791
130792
130792
130793
130793
130794
130794
130795
130795
130796
130796
130797
130797
130798
130798
130799
130799
130800
130800
130801
130801
130802
130802
130803
130803
130804
130804
130805
130805
130806
130806
130807
130807
130808
130808
130809
130809
130810
130810
130811
130811
130812
130812
130813
130813
130814
130814
130815
130815
130816
130816
130817
130817
130818
130818
130819
130819
130820
130820
130821
130821
130822
130823
130823
130824
130824
130825
130825
130826
130826
130827
130827
130828
130828
130829
130829
130830
130830
130831
130831
130832
130832
130833
130833
130834
130834
130835
130835
130836
130836
130837
130837
130838
130838
130839
130839
130840
130840
130841
130841
130842
130842
130843
130843
130844
130844
130845
130845
130846
130846
130847
130847
130848
130848
130849
130849
130850
130850
130851
130851
130852
130852
130853
130853
130854
130854
130855
130855
130856
130856
130857
130857
130858
130858
130859
130859
130860
130860
130861
130861
130862
130862
130863
130863
130864
130864
130865
130865
130866
130866
130867
130867
130868
130868
130869
130869
130870
130870
130871
130871
130872
130872
130873
130873
130874
130874
130875
130875
130876
130876
130877
130877
130878
130878
130879
130879
130880
130880
130881
130881
130882
130882
130883
130883
130884
130884
130885
130885
130886
130886
130887
130887
130888
130888
130889
130889
130890
130890
130891
130891
130892
130892
130893
130893
130894
130894
130895
130895
130896
130896
130897
130897
130898
130898
130899
130899
130900
130900
130901
130901
130902
130902
130903
130903
130904
130904
130905
130905
130906
130906
130907
130907
130908
130908
130909
130909
130910
130910
130911
130911
130912
130912
130913
130913
130914
130914
130915
130915
130916
130916
130917
130917
130918
130918
130919
130919
130920
130920
130921
130921
130922
130922
130923
130923
130924
130924
130925
130925
130926
130926
130927
130927
130928
130928
130929
130929
130930
130930
130931
130931
130932
130932
130933
130933
130934
130934
130935
130935
130936
130936
130937
130937
130938
130938
130939
130939
130940
130940
130941
130941
130942
130942
130943
130943
130944
130944
130945
130945
130946
130946
130947
130947
130948
130948
130949
130949
130950
130950
130951
130951
130952
130952
130953
130953
130954
130954
130955
130955
130956
130956
130957
130957
130958
130958
130959
130959
130960
130960
130961
130961
130962
130962
130963
130963
130964
130964
130965
130965
130966
130966
130967
130967
130968
130968
130969
130969
130970
130970
130971
130971
130972
130972
130973
130973
130974
130974
130975
130975
130976
130976
130977
130977
130978
130978
130979
130979
130980
130980
130981
130981
130982
130982
130983
130983
130984
130984
130985
130985
130986
130986
130987
130987
130988
130988
130989
130989
130990
130990
130991
130991
130992
130992
130993
130993
130994
130994
130995
130995
130996
130996
130997
130997
130998
130998
130999
130999
131000
131000
131001
131001
131002
131002
131003
131003
131004
131004
131005
131005
131006
131006
131007
131007
131008
131008
131009
131009
131010
131010
131011
131011
131012
131012
131013
131013
131014
131014
131015
131015
131016
131016
131017
131017
131018
131018
131019
131019
131020
131020
131021
131021
131022
131022
131023
131023
131024
131024
131025
131025
131026
131026
131027
131027
131028
131028
131029
131029
131030
131030
131031
131031
131032
131032
131033
131033
131034
131034
131035
131035
131036
131036
131037
131037
131038
131038
131039
131039
131040
131040
131041
131041
131042
131042
131043
131043
131044
131044
131045
131045
131046
131046
131047
131047
131048
131048
131049
131049
131050
131050
131051
131051
131052
131052
131053
131053
131054
131054
131055
131055
131056
131056
131057
131057
131058
131058
131059
131059
131060
131060
131061
131061
131062
131062
131063
131063
131064
131064
131065
131065
131066
131066
131067
131067
131068
131068
131069
131069
131070
131070
131071
131071
131072
131072
131073
131073
131074
131074
131075
131075
131076
131076
131077
131077
131078
131078
131079
131079
131080
131081
131081
131082
131082
131083
131083
131084
131084
131085
131085
131086
131086
131087
131087
131088
131088
131089
131089
131090
131090
131091
131091
131092
131092
131093
131093
131094
131094
131095
131095
131096
131096
131097
131097
131098
131098
131099
131099
131100
131100
131101
131101
131102
131102
131103
131103
131104
131105
131106
131106
131107
131107
131108
131108
131109
131109
131110
131110
131111
131111
131112
131112
131113
131113
131114
131114
131115
131115
131116
131116
131117
131117
131118
131118
131119
131119
131120
131120
131121
131121
131122
131122
131123
131123
131124
131124
131125
131125
131126
131126
131127
131127
131128
131128
131129
131129
131130
131130
131131
131131
131132
131132
131133
131133
131134
131134
131135
131135
131136
131136
131137
131137
131138
131138
131139
131139
131140
131140
131141
131141
131142
131142
131143
131143
131144
131144
131145
131145
131146
131146
131147
131147
131148
131148
131149
131149
131150
131150
131151
131151
131152
131152
131153
131153
131154
131154
131155
131155
131156
131156
131157
131157
131158
131158
131159
131159
131160
131160
131161
131161
131162
131162
131163
131163
131164
131164
131165
131165
131166
131166
131167
131167
131168
131168
131169
131169
131170
131170
131171
131171
131172
131172
131173
131173
131174
131174
131175
131175
131176
131176
131177
131177
131178
131178
131179
131179
131180
131180
131181
131181
131182
131182
131183
131183
131184
131184
131185
131185
131186
131186
131187
131187
131188
131188
131189
131189
131190
131190
131191
131191
131192
131192
131193
131193
131194
131194
131195
131195
131196
131196
131197
131197
131198
131198
131199
131199
131200
131200
131201
131201
131202
131202
131203
131203
131204
131204
131205
131205
131206
131206
131207
131207
131208
131208
131209
131209
131210
131210
131211
131211
131212
131212
131213
131213
131214
131214
131215
131215
131216
131216
131217
131217
131218
131218
131219
131219
131220
131220
131221
131221
131222
131222
131223
131223
131224
131224
131225
131225
131226
131226
131227
131227
131228
131228
131229
131229
131230
131230
131231
131231
131232
131232
131233
131233
131234
131234
131235
131235
131236
131236
131237
131237
131238
131238
131239
131239
131240
131240
131241
131241
131242
131242
131243
131243
131244
131245
131246
131246
131247
131247
131248
131248
131249
131249
131250
131250
131251
131251
131252
131252
131253
131253
131254
131254
131255
131255
131256
131256
131257
131257
131258
131258
131259
131259
131260
131260
131261
131261
131262
131262
131263
131263
131264
131264
131265
131265
131266
131266
131267
131267
131268
131268
131269
131269
131270
131270
131271
131271
131272
131272
131273
131273
131274
131274
131275
131275
131276
131276
131277
131277
131278
131278
131279
131279
131280
131280
131281
131281
131282
131282
131283
131283
131284
131284
131285
131285
131286
131286
131287
131287
131288
131288
131289
131289
131290
131290
131291
131291
131292
131292
131293
131293
131294
131294
131295
131295
131296
131296
131297
131297
131298
131298
131299
131299
131300
131300
131301
131301
131302
131302
131303
131303
131304
131304
131305
131305
131306
131306
131307
131307
131308
131308
131309
131309
131310
131310
131311
131311
131312
131312
131313
131313
131314
131314
131315
131315
131316
131316
131317
131317
131318
131318
131319
131319
131320
131320
131321
131321
131322
131322
131323
131323
131324
131324
131325
131325
131326
131326
131327
131327
131328
131328
131329
131329
131330
131330
131331
131331
131332
131332
131333
131333
131334
131334
131335
131335
131336
131336
131337
131337
131338
131338
131339
131339
131340
131340
131341
131341
131342
131342
131343
131343
131344
131344
131345
131345
131346
131346
131347
131347
131348
131348
131349
131349
131350
131350
131351
131351
131352
131352
131353
131353
131354
131354
131355
131355
131356
131356
131357
131357
131358
131358
131359
131359
131360
131360
131361
131361
131362
131362
131363
131363
131364
131364
131365
131365
131366
131366
131367
131367
131368
131368
131369
131369
131370
131370
131371
131371
131372
131372
131373
131373
131374
131374
131375
131375
131376
131376
131377
131377
131378
131378
131379
131379
131380
131380
131381
131381
131382
131382
131383
131383
131384
131384
131385
131385
131386
131386
131387
131387
131388
131388
131389
131389
131390
131390
131391
131391
131392
131392
131393
131393
131394
131394
131395
131395
131396
131396
131397
131397
131398
131398
131399
131399
131400
131400
131401
131401
131402
131402
131403
131403
131404
131404
131405
131405
131406
131406
131407
131407
131408
131408
131409
131409
131410
131410
131411
131411
131412
131412
131413
131413
131414
131414
131415
131415
131416
131416
131417
131417
131418
131418
131419
131419
131420
131420
131421
131421
131422
131422
131423
131423
131424
131424
131425
131425
131426
131426
131427
131427
131428
131428
131429
131429
131430
131430
131431
131431
131432
131432
131433
131433
131434
131434
131435
131435
131436
131436
131437
131437
131438
131438
131439
131439
131440
131440
131441
131441
131442
131442
131443
131443
131444
131444
131445
131445
131446
131446
131447
131447
131448
131448
131449
131449
131450
131450
131451
131451
131452
131452
131453
131453
131454
131454
131455
131455
131456
131456
131457
131457
131458
131458
131459
131459
131460
131460
131461
131461
131462
131462
131463
131463
131464
131464
131465
131465
131466
131466
131467
131467
131468
131468
131469
131469
131470
131470
131471
131471
131472
131472
131473
131473
131474
131474
131475
131475
131476
131476
131477
131477
131478
131478
131479
131479
131480
131480
131481
131481
131482
131482
131483
131483
131484
131484
131485
131485
131486
131486
131487
131487
131488
131488
131489
131489
131490
131490
131491
131491
131492
131492
131493
131493
131494
131494
131495
131495
131496
131496
131497
131497
131498
131498
131499
131499
131500
131500
131501
131501
131502
131502
131503
131503
131504
131504
131505
131505
131506
131506
131507
131507
131508
131508
131509
131509
131510
131510
131511
131511
131512
131512
131513
131513
131514
131514
131515
131515
131516
131516
131517
131517
131518
131518
131519
131519
131520
131520
131521
131521
131522
131522
131523
131523
131524
131524
131525
131525
131526
131526
131527
131527
131528
131528
131529
131529
131530
131530
131531
131531
131532
131532
131533
131533
131534
131534
131535
131535
131536
131536
131537
131537
131538
131538
131539
131539
131540
131540
131541
131541
131542
131542
131543
131543
131544
131544
131545
131545
131546
131546
131547
131547
131548
131548
131549
131549
131550
131550
131551
131551
131552
131552
131553
131553
131554
131554
131555
131555
131556
131556
131557
131557
131558
131558
131559
131559
131560
131560
131561
131561
131562
131562
131563
131563
131564
131564
131565
131565
131566
131566
131567
131567
131568
131568
131569
131569
131570
131570
131571
131571
131572
131572
131573
131573
131574
131574
131575
131575
131576
131576
131577
131577
131578
131578
131579
131579
131580
131580
131581
131581
131582
131582
131583
131583
131584
131584
131585
131585
131586
131586
131587
131587
131588
131588
131589
131589
131590
131590
131591
131591
131592
131592
131593
131593
131594
131594
131595
131595
131596
131596
131597
131597
131598
131598
131599
131599
131600
131600
131601
131601
131602
131602
131603
131603
131604
131604
131605
131605
131606
131606
131607
131607
131608
131608
131609
131609
131610
131610
131611
131611
131612
131612
131613
131613
131614
131614
131615
131615
131616
131616
131617
131617
131618
131618
131619
131619
131620
131620
131621
131621
131622
131622
131623
131623
131624
131624
131625
131625
131626
131626
131627
131627
131628
131628
131629
131629
131630
131630
131631
131631
131632
131632
131633
131633
131634
131634
131635
131635
131636
131636
131637
131637
131638
131638
131639
131639
131640
131640
131641
131641
131642
131642
131643
131643
131644
131644
131645
131645
131646
131646
131647
131647
131648
131648
131649
131649
131650
131650
131651
131651
131652
131652
131653
131653
131654
131654
131655
131655
131656
131656
131657
131657
131658
131658
131659
131659
131660
131660
131661
131661
131662
131662
131663
131663
131664
131664
131665
131665
131666
131666
131667
131667
131668
131668
131669
131669
131670
131670
131671
131671
131672
131672
131673
131673
131674
131674
131675
131675
131676
131677
131677
131678
131678
131679
131679
131680
131680
131681
131681
131682
131682
131683
131683
131684
131684
131685
131685
131686
131686
131687
131687
131688
131688
131689
131689
131690
131690
131691
131691
131692
131692
131693
131693
131694
131694
131695
131695
131696
131696
131697
131697
131698
131698
131699
131699
131700
131700
131701
131701
131702
131702
131703
131703
131704
131704
131705
131705
131706
131706
131707
131707
131708
131708
131709
131709
131710
131710
131711
131711
131712
131712
131713
131713
131714
131714
131715
131716
131716
131717
131717
131718
131718
131719
131719
131720
131720
131721
131721
131722
131722
131723
131723
131724
131724
131725
131725
131726
131726
131727
131727
131728
131728
131729
131729
131730
131730
131731
131731
131732
131732
131733
131733
131734
131734
131735
131735
131736
131736
131737
131737
131738
131738
131739
131739
131740
131740
131741
131741
131742
131742
131743
131743
131744
131744
131745
131745
131746
131746
131747
131747
131748
131748
131749
131750
131751
131751
131752
131752
131753
131753
131754
131754
131755
131755
131756
131756
131757
131757
131758
131758
131759
131759
131760
131761
131762
131762
131763
131763
131764
131764
131765
131765
131766
131766
131767
131767
131768
131768
131769
131769
131770
131770
131771
131771
131772
131772
131773
131773
131774
131774
131775
131775
131776
131776
131777
131777
131778
131778
131779
131779
131780
131780
131781
131781
131782
131782
131783
131783
131784
131784
131785
131785
131786
131786
131787
131787
131788
131788
131789
131789
131790
131790
131791
131791
131792
131792
131793
131793
131794
131794
131795
131795
131796
131796
131797
131797
131798
131798
131799
131799
131800
131800
131801
131801
131802
131802
131803
131803
131804
131804
131805
131805
131806
131806
131807
131807
131808
131808
131809
131809
131810
131810
131811
131811
131812
131812
131813
131813
131814
131814
131815
131815
131816
131816
131817
131817
131818
131818
131819
131819
131820
131820
131821
131821
131822
131822
131823
131823
131824
131824
131825
131825
131826
131826
131827
131827
131828
131828
131829
131829
131830
131830
131831
131831
131832
131832
131833
131833
131834
131834
131835
131835
131836
131836
131837
131837
131838
131838
131839
131839
131840
131840
131841
131841
131842
131842
131843
131843
131844
131845
131846
131846
131847
131847
131848
131848
131849
131849
131850
131850
131851
131851
131852
131852
131853
131853
131854
131854
131855
131855
131856
131856
131857
131857
131858
131858
131859
131859
131860
131861
131861
131862
131862
131863
131863
131864
131864
131865
131865
131866
131866
131867
131867
131868
131868
131869
131869
131870
131870
131871
131871
131872
131872
131873
131873
131874
131874
131875
131875
131876
131876
131877
131877
131878
131878
131879
131879
131880
131880
131881
131881
131882
131882
131883
131883
131884
131884
131885
131885
131886
131886
131887
131887
131888
131888
131889
131889
131890
131890
131891
131891
131892
131892
131893
131893
131894
131895
131896
154266
154267
154268
154269
154270
154271
154272
154273
154274
154275
154276
154277
154278
154279
154280
154281
154282
154283
154284
154285
154286
154287
154288
154289
154290
154291
154292
154293
154294
154295
154296
154297
154298
154299
154300
154301
154302
154303
154304
154305
154306
154307
154308
154309
154310
154311
154312
154312
154313
154313
154314
154314
154315
154315
154316
154316
154317
154317
154318
154318
154319
154319
154320
154320
154321
154321
154322
154322
154323
154323
154324
154324
154325
154325
154326
154326
154327
154327
154328
154328
154329
154329
154330
154330
154331
154331
154332
154332
154333
154333
154334
154334
154335
154335
154336
154336
154337
154337
154338
154338
154339
154339
154340
154340
154341
154341
154342
154342
154343
154343
154344
154344
154345
154345
154346
154346
154347
154347
154348
154348
154349
154349
154350
154350
154351
154351
154352
154352
154353
154353
154354
154354
154355
154355
154356
154356
154357
154357
154358
154358
154359
154359
154360
154360
154361
154361
154362
154362
154363
154363
154364
154364
154365
154365
154366
154366
154367
154367
154368
154368
154369
154369
154370
154370
154371
154371
154372
154373
154374
154375
154376
154377
